2319.85094 -1.66629 1256.41383 0.00000 0.00000
0.00000 2318.51500 992.10277 0.00000 0.00000
0.00000 0.00000 1.00000 0.00000 0.00000
2366.38486 1.23243 1211.80600 0.00000 0.00000
0.00000 2366.72420 1002.32148 0.00000 0.00000
0.00000 0.00000 1.00000 0.00000 0.00000
0.99996 -0.00799 0.00451 0.00000 0.00000
0.00809 0.99974 -0.02123 0.00000 0.00000
-0.00434 0.02127 0.99976 0.00000 0.00000
-0.08332 0.07483 -0.00117 0.00143 0.16679
-0.09927 0.15139 0.00058 0.00006 -0.08021
-91.44238 -0.92658 5.31837 0.00000 0.00000
